720	985	791	4095	802	756	505	3	6:42:11 p. m.
697	985	743	4095	775	823	891	4	6:42:19 p. m.
883	998	982	4095	749	445	468	3	6:42:24 p. m.
951	1016	902	4095	247	4095	4095	41	6:42:24 p. m.
783	1007	883	4095	790	1425	446	4	6:42:25 p. m.
715	997	812	4095	743	813	700	3	6:42:28 p. m.
813	1006	894	4095	777	3154	607	3	6:42:30 p. m.
696	1004	815	4095	1069	896	498	3	6:42:32 p. m.
734	993	740	4095	526	487	712	4	6:42:36 p. m.
738	1009	895	4095	4095	171	848	6	6:42:36 p. m.
738	1004	785	4095	734	802	819	5	6:42:37 p. m.
761	1006	824	4095	512	1131	420	3	6:42:38 p. m.
864	1018	990	4095	440	2759	155	3	6:42:38 p. m.
752	1003	783	4095	685	721	516	2	6:42:40 p. m.
772	1006	793	4095	630	764	1306	7	6:42:41 p. m.
778	828	984	4095	448	628	146	2	6:42:58 p. m.
971	978	993	4095	674	4095	438	3	6:43:18 p. m.
798	985	852	4095	641	1241	435	4	6:43:26 p. m.
807	1006	788	4095	497	861	2058	11	6:43:27 p. m.
817	984	766	4095	336	774	770	5	6:43:40 p. m.
712	1004	822	4095	4095	2042	1095	5	6:43:41 p. m.
745	1002	729	4095	785	1019	4095	31	6:43:43 p. m.
773	990	938	4095	4095	4095	1330	9	6:43:48 p. m.
742	1008	874	4095	856	1283	333	4	6:43:48 p. m.
736	983	819	4095	1728	1867	697	5	6:44:02 p. m.
755	988	917	4095	1364	2097	427	4	6:44:17 p. m.
390	985	539	4095	679	122	172	2	6:44:23 p. m.
712	983	726	4095	833	852	2173	11	6:44:30 p. m.
791	1009	803	4095	663	1325	2181	11	6:44:30 p. m.
763	985	754	4095	584	1062	899	5	6:44:46 p. m.
811	1005	844	4095	523	1262	428	3	6:44:47 p. m.
752	1011	943	4095	523	828	171	2	6:44:48 p. m.
664	1003	752	4095	1536	361	1088	6	6:44:49 p. m.
780	993	847	4095	685	1009	713	4	6:44:53 p. m.
789	985	765	4095	556	1022	2166	11	6:45:03 p. m.
690	988	832	4095	1481	1021	475	4	6:45:07 p. m.
759	986	774	4095	541	763	598	4	6:45:15 p. m.
798	986	806	4095	425	939	658	5	6:45:30 p. m.
815	1008	791	4095	361	1018	982	6	6:45:31 p. m.
786	998	786	4095	540	1416	1936	10	6:45:34 p. m.
788	1007	848	4095	553	964	708	5	6:45:35 p. m.
798	997	859	4095	710	1797	544	3	6:45:38 p. m.
752	986	807	4095	857	1592	1152	7	6:45:44 p. m.
864	993	1015	4095	1867	4095	245	3	6:45:46 p. m.
669	984	725	4095	1063	754	1231	6	6:45:55 p. m.
837	985	830	4095	346	1190	853	5	6:46:01 p. m.
849	997	844	4095	441	1656	927	5	6:46:05 p. m.
799	1008	904	4095	1136	2048	982	6	6:46:06 p. m.
817	983	935	4095	487	1211	123	2	6:46:16 p. m.
735	1004	771	4095	648	697	820	5	6:46:18 p. m.
839	1006	896	4095	634	1330	766	4	6:46:19 p. m.
776	993	888	4095	4095	4095	3200	16	6:46:23 p. m.
764	985	760	4095	571	1028	1235	7	6:46:46 p. m.
756	1008	896	4095	221	4095	687	5	6:46:47 p. m.
896	992	879	4095	457	2680	677	4	6:47:04 p. m.
828	1012	978	4095	3180	4095	718	7	6:47:04 p. m.
828	983	850	4095	409	1329	945	7	6:47:10 p. m.
771	988	757	4095	492	731	1263	7	6:47:16 p. m.
688	1002	857	4095	4095	4095	2572	14	6:47:18 p. m.
774	989	927	4095	983	1792	232	3	6:47:23 p. m.
790	986	764	4095	693	1701	1266	7	6:47:34 p. m.
796	1007	880	4095	1248	3166	957	5	6:47:34 p. m.
780	1006	881	4095	381	937	150	2	6:47:35 p. m.
754	993	868	4095	1587	1136	667	3	6:47:39 p. m.
751	1003	886	4095	4095	4095	4095	36	6:47:39 p. m.
846	1003	868	4095	544	1362	530	5	6:47:41 p. m.
763	996	766	4095	554	927	1407	8	6:47:44 p. m.
796	1003	811	4095	485	864	1048	7	6:47:46 p. m.
716	982	769	4095	674	762	646	5	6:47:53 p. m.
813	983	859	4095	913	2400	1809	9	6:48:07 p. m.
802	986	828	4095	547	1254	894	5	6:48:13 p. m.
635	1009	808	4095	2624	1308	505	4	6:48:14 p. m.
723	982	775	4095	497	984	543	5	6:48:21 p. m.
831	990	861	4095	436	1624	792	5	6:48:25 p. m.
766	988	893	4095	1316	2697	366	4	6:48:36 p. m.
767	985	794	4095	569	1009	768	5	6:48:51 p. m.
767	985	775	4095	517	1423	967	6	6:49:12 p. m.
775	984	775	4095	422	1128	1028	5	6:49:19 p. m.
800	986	771	4095	466	946	1644	8	6:49:25 p. m.
743	1008	747	4095	610	941	1628	9	6:49:26 p. m.
859	997	923	4095	642	1346	576	5	6:49:29 p. m.
753	986	806	4095	814	1516	1549	8	6:49:40 p. m.
773	994	751	4095	647	1182	4095	23	6:49:43 p. m.
760	986	747	4095	464	1041	1406	7	6:50:00 p. m.
809	992	864	4095	843	1451	815	4	6:50:04 p. m.
882	991	895	4095	457	1869	363	4	6:50:14 p. m.
747	1001	822	4095	732	1350	325	4	6:50:16 p. m.
749	986	842	4095	582	913	363	3	6:50:23 p. m.
792	1010	911	4095	543	2219	286	3	6:50:24 p. m.
829	984	805	4095	804	4095	2102	10	6:50:36 p. m.
738	985	817	4095	672	976	715	5	6:50:41 p. m.
754	987	757	4095	675	761	1326	6	6:50:47 p. m.
783	999	774	4095	564	1331	2075	11	6:50:50 p. m.
727	983	784	4095	939	1774	1284	8	6:51:06 p. m.
740	984	796	4095	674	1107	629	5	6:51:15 p. m.
792	998	778	4095	492	820	817	6	6:51:18 p. m.
775	1003	788	4095	585	839	962	6	6:51:19 p. m.
760	986	739	4095	473	950	1473	7	6:51:30 p. m.
716	1006	867	4095	4095	4095	1643	10	6:51:31 p. m.
731	995	787	4095	748	966	806	7	6:51:34 p. m.
770	1000	882	4095	555	1062	376	3	6:51:36 p. m.
851	987	899	4095	1319	1904	259	4	6:51:44 p. m.
849	1011	871	4095	705	1570	706	5	6:51:44 p. m.
953	985	925	4095	303	2469	150	3	6:51:52 p. m.
809	1009	837	4095	831	2265	1964	10	6:51:53 p. m.
763	992	770	4095	420	777	936	5	6:51:57 p. m.
789	1007	830	4095	603	1116	644	4	6:51:58 p. m.
746	985	807	4095	532	1014	216	3	6:52:20 p. m.
731	1007	810	4095	686	864	683	5	6:52:20 p. m.
740	993	795	4095	464	977	515	4	6:52:24 p. m.
881	975	989	4095	810	4095	116	3	6:52:46 p. m.
791	989	742	4095	416	679	2043	11	6:52:58 p. m.
808	1009	800	4095	534	993	1313	7	6:52:58 p. m.
776	1006	817	4095	580	955	780	5	6:52:59 p. m.
730	1009	824	4095	1142	1144	631	5	6:53:00 p. m.
781	984	825	4095	628	1189	723	4	6:53:16 p. m.
726	986	791	4095	677	1109	776	6	6:53:21 p. m.
768	991	877	4095	670	1087	282	5	6:53:25 p. m.
724	984	756	4095	616	1020	1045	7	6:53:55 p. m.
856	987	894	4095	598	2683	1022	5	6:54:00 p. m.
878	1001	886	4095	425	1912	823	6	6:54:02 p. m.
713	991	918	4095	1366	1026	155	2	6:54:07 p. m.
732	997	709	4095	603	918	3061	15	6:54:09 p. m.
758	984	764	4095	536	677	1469	7	6:54:25 p. m.
722	992	798	4095	873	1250	720	5	6:54:29 p. m.
808	991	751	4095	405	973	1930	11	6:54:34 p. m.
803	1008	801	4095	609	1574	1709	9	6:54:34 p. m.
802	988	801	4095	463	1312	1658	9	6:54:39 p. m.
911	991	961	4095	586	270	617	4	6:54:44 p. m.
699	982	796	4095	858	768	458	3	6:55:03 p. m.
602	1006	705	4095	1592	4095	271	5	6:55:04 p. m.
789	985	779	4095	508	1140	1320	7	6:55:23 p. m.
807	989	957	4095	532	3080	144	4	6:55:31 p. m.
825	995	941	4095	922	1568	519	4	6:55:35 p. m.
692	984	793	4095	839	736	479	5	6:55:51 p. m.
775	986	768	4095	722	1179	2116	12	6:55:57 p. m.
765	1008	831	4095	779	1028	1090	7	6:55:57 p. m.
690	984	751	4095	2646	902	4095	23	6:56:06 p. m.
975	971	1014	4095	329	1997	289	1	6:56:06 p. m.
783	983	841	4095	535	1231	461	4	6:56:14 p. m.
762	997	823	4095	664	1356	363	3	6:56:17 p. m.
857	982	823	4095	490	361	2448	12	6:56:25 p. m.
827	998	824	4095	482	1354	736	5	6:56:28 p. m.
727	982	770	4095	663	885	935	5	6:56:42 p. m.
818	1003	763	4095	560	2100	3022	15	6:56:43 p. m.
707	985	801	4095	718	797	473	3	6:56:54 p. m.
782	984	753	4095	385	952	1143	7	6:57:11 p. m.
827	1004	920	4095	462	1714	343	1	6:57:12 p. m.
785	1002	793	4095	467	798	719	4	6:57:14 p. m.
804	997	853	4095	706	959	507	5	6:57:17 p. m.
752	984	937	4095	4095	2788	224	3	6:57:30 p. m.
842	994	863	4095	357	1265	634	5	6:57:34 p. m.
850	1009	743	4095	391	786	3199	17	6:57:34 p. m.
825	983	835	4095	675	2392	1361	8	6:57:50 p. m.
721	983	718	4095	833	977	2465	13	6:58:05 p. m.
698	983	809	4095	875	777	421	3	6:58:22 p. m.
771	989	777	4095	988	159	1777	9	6:58:26 p. m.
847	984	950	4095	531	181	270	2	6:58:33 p. m.
760	990	884	4095	1089	1462	426	4	6:58:38 p. m.
762	984	766	4095	497	934	1273	7	6:58:45 p. m.
853	992	928	4095	510	1507	254	4	6:58:50 p. m.
818	993	900	4095	2339	4095	599	4	6:58:55 p. m.
680	983	731	4095	1101	885	2568	13	6:59:01 p. m.
766	991	733	4095	456	1099	3496	19	6:59:05 p. m.
763	997	1000	4095	1983	409	198	3	6:59:07 p. m.
720	991	859	4095	1060	1388	395	5	6:59:11 p. m.
793	985	776	4095	655	1297	870	6	6:59:21 p. m.
995	934	933	4095	4095	4095	2074	15	6:59:26 p. m.
768	984	846	4095	442	1280	443	4	6:59:35 p. m.
739	983	773	4095	708	837	1210	7	6:59:43 p. m.
841	1009	798	4095	477	942	1762	9	6:59:43 p. m.
812	995	809	4095	447	925	1145	8	6:59:46 p. m.
781	987	878	4095	553	2607	469	5	7:00:07 p. m.
812	998	805	4095	493	1112	1066	7	7:00:10 p. m.
635	1010	666	4095	737	315	611	4	7:00:10 p. m.
861	995	916	4095	1163	4095	509	4	7:00:14 p. m.
866	983	898	4095	431	2209	727	4	7:00:22 p. m.
861	987	932	4095	677	4095	515	5	7:00:27 p. m.
761	985	779	4095	858	2120	967	6	7:00:39 p. m.
730	1000	808	4095	643	2045	327	4	7:00:41 p. m.
814	985	773	4095	400	926	892	6	7:00:47 p. m.
867	982	852	4095	337	1277	683	4	7:01:00 p. m.
837	986	845	4095	458	1917	1115	7	7:01:05 p. m.
619	984	700	4095	2336	201	1222	8	7:01:15 p. m.
701	985	774	4095	922	657	1181	6	7:01:34 p. m.
708	1008	879	4095	909	877	238	3	7:01:35 p. m.
766	985	758	4095	492	1087	1336	8	7:01:42 p. m.
773	983	801	4095	649	143	645	4	7:02:11 p. m.
794	985	810	4095	658	1765	933	6	7:02:23 p. m.
664	988	919	4095	219	981	233	3	7:02:28 p. m.
767	988	791	4095	498	1058	775	4	7:02:34 p. m.
902	1013	862	4095	328	1308	1118	5	7:02:34 p. m.
673	985	785	4095	1388	904	507	4	7:02:58 p. m.
821	982	846	4095	527	2246	743	5	7:03:06 p. m.
770	942	985	4095	1551	264	147	3	7:03:21 p. m.
778	983	821	4095	661	1967	1603	8	7:03:38 p. m.
756	990	861	4095	892	1400	427	5	7:03:42 p. m.
735	984	790	4095	735	846	769	5	7:04:03 p. m.
765	985	819	4095	4095	4095	3537	19	7:04:13 p. m.
744	991	673	4095	494	778	4095	26	7:04:17 p. m.
725	1003	890	4095	486	4095	1425	8	7:04:18 p. m.
668	991	862	4095	4095	739	421	5	7:04:22 p. m.
724	983	789	4095	748	948	901	7	7:04:37 p. m.
801	985	838	4095	423	1895	913	6	7:04:58 p. m.
719	982	801	4095	953	874	395	4	7:05:05 p. m.
778	992	961	4095	1155	169	264	3	7:05:09 p. m.
713	984	752	4095	668	1128	1925	11	7:05:23 p. m.
788	987	873	4095	4095	2819	1542	9	7:05:31 p. m.
901	982	988	4095	558	238	314	4	7:05:37 p. m.
769	995	864	4095	971	1496	538	4	7:05:40 p. m.
748	982	856	4095	394	1224	461	4	7:05:52 p. m.
745	985	776	4095	623	1157	970	6	7:06:04 p. m.
759	1007	828	4095	1152	1598	1314	8	7:06:04 p. m.
709	984	799	4095	908	1138	615	4	7:06:19 p. m.
720	983	834	4095	900	1845	508	4	7:06:25 p. m.
650	1001	857	4095	4095	2117	1487	8	7:06:27 p. m.
944	998	936	4095	453	3047	378	5	7:06:30 p. m.
772	984	800	4095	473	794	888	5	7:06:48 p. m.
660	1011	698	4095	757	1072	615	5	7:06:48 p. m.
748	984	755	4095	497	983	1248	7	7:06:55 p. m.
818	975	1011	4095	1060	2846	188	4	7:06:55 p. m.
843	1006	947	4095	576	119	170	2	7:06:56 p. m.
713	991	882	4095	4095	4095	3014	16	7:07:01 p. m.
766	985	749	4095	370	862	802	7	7:07:09 p. m.
828	1012	851	4095	524	1655	605	3	7:07:09 p. m.
758	987	895	4095	958	1426	242	3	7:07:22 p. m.
777	984	789	4095	555	1526	955	7	7:07:29 p. m.
868	1006	905	4095	723	1719	384	4	7:07:30 p. m.
791	995	853	4095	1146	1548	1233	7	7:07:34 p. m.
755	1005	796	4095	475	1334	727	6	7:07:35 p. m.
803	1003	833	4095	561	1342	567	5	7:07:36 p. m.
768	984	755	4095	425	722	1410	7	7:08:01 p. m.
736	982	761	4095	572	1149	818	5	7:08:16 p. m.
844	1003	816	4095	351	865	931	6	7:08:18 p. m.
761	986	905	4095	587	1142	225	2	7:08:32 p. m.
779	1003	862	4095	648	149	745	5	7:08:34 p. m.
828	1011	765	4095	419	805	1353	7	7:08:34 p. m.
711	983	774	4095	715	938	1303	7	7:08:43 p. m.
783	995	779	4095	507	982	1341	7	7:08:46 p. m.
762	985	831	4095	530	1002	214	4	7:09:03 p. m.
804	986	867	4095	598	2669	477	3	7:09:09 p. m.
768	999	813	4095	652	1091	760	5	7:09:12 p. m.
773	1015	993	4095	1137	1142	118	2	7:09:12 p. m.
809	985	826	4095	505	1108	610	5	7:09:25 p. m.
772	1008	858	4095	836	956	532	4	7:09:26 p. m.
834	992	905	4095	754	2584	687	5	7:09:30 p. m.
900	1000	896	4095	413	1896	733	4	7:09:34 p. m.
743	984	828	4095	825	1146	875	6	7:09:48 p. m.
719	989	884	4095	1564	1218	402	4	7:09:54 p. m.
800	986	812	4095	566	1176	996	6	7:10:01 p. m.
431	1008	617	4095	583	2888	149	3	7:10:01 p. m.
704	1006	796	4095	711	1471	464	4	7:10:02 p. m.
825	997	778	4095	408	1020	1080	7	7:10:05 p. m.
803	988	793	4095	439	1023	1552	9	7:10:11 p. m.
811	999	787	4095	460	1083	1701	9	7:10:13 p. m.
774	1006	782	4095	517	874	1146	6	7:10:15 p. m.
816	985	936	4095	639	180	300	4	7:10:21 p. m.
930	989	910	4095	917	566	752	5	7:10:31 p. m.
778	999	823	4095	599	1055	605	4	7:10:33 p. m.
782	985	789	4095	425	212	546	4	7:10:51 p. m.
797	999	796	4095	553	1026	1401	7	7:10:53 p. m.
802	1000	756	4095	550	1065	2655	13	7:10:56 p. m.
776	1000	736	4095	462	898	2563	13	7:10:58 p. m.
680	983	743	4095	1020	774	542	3	7:11:05 p. m.
811	984	732	4095	431	1079	3662	20	7:11:25 p. m.
872	1000	940	4095	538	2770	530	4	7:11:27 p. m.
647	1006	783	4095	1434	654	384	3	7:11:28 p. m.
694	1001	804	4095	1058	1423	824	5	7:11:30 p. m.
833	989	851	4095	2232	2547	849	6	7:11:34 p. m.
679	1003	898	4095	2854	1321	115	2	7:11:37 p. m.
816	983	846	4095	677	2140	1398	8	7:11:45 p. m.
775	1000	757	4095	552	765	2205	11	7:11:47 p. m.
902	1015	921	4095	581	2075	603	4	7:11:48 p. m.
749	983	737	4095	674	962	2093	10	7:12:08 p. m.
797	1000	943	4095	921	180	335	3	7:12:10 p. m.
